21713324
20010949
19645816
18462727
11295498
10384092
18378283
18768472
18549262
16423992
8666937
20723761
11745344
14733938
12376572
9311996
11205743
7811265
15887188
17948026
20736409
17573772
22118674
8811196
21853274
14550573
12419264
10893419
9079628
14614829
12920286
12914693
12840737
12830140
12750511
12719574
9846577
9811770
14557625
14528301
14528300
14527406
12970355
12809610
12808466
12808465
18922472
12167863
17323924
14564014
12859895
12791267
15029244
19193609
11285280
24270810
21726808
23503661
21987572
23438482
23275563
22505724
23000965
24816145
22119785
21963094
21906983
21890473
21139048
24163370
16196087
15592455
25147182
21630459
21565611
23443559
22863883
16169070
23376485
8125298
21988832
22939629
20379614
26344197
26186194
14702039
15489334
12477932
