25297588
24467809
23533340
23063462
22161108
21983725
21839020
18686606
18374127
17459061
16331565
15847661
12366770
9760178
9226185
9122901
9054453
7912436
2118655
25239830
25101798
24665114
24527852
22053055
19137814
18205178
18155296
18023290
17922418
15487706
15476160
10330445
9745152
9299444
1763885
24593306
19572973
12652076
7768954
7656588
16490787
23372041
20506485
24941225
12697902
21060863
23824729
11698403
21926972
22082156
15146197
15489334
12477932