8066462
7820546
12388758
2306472
1888762
23018640
22659184
11745344
14733938
12376572
9311996
11205743
7811265
15887188
17948026
21320693
8811196
14550573
12419264
10893419
9079628
14614829
12920286
12914693
12840737
12830140
12750511
12719574
9846577
9811770
14557625
14528301
14528300
14527406
12970355
12809610
12808466
12808465
18922472
12167863
17323924
14564014
12859895
12791267
19013454
15029244
19193609
11285280
23503661
21987572
22505724
18457437
24816145
22119785
21963094
21906983
21890473
21139048
18854154
16196087
21319273
21630459
22190034
22623428
20458337
21565611
19738201
19615732
19056867
22863883
16169070
21145461
23376485
22939629
26344197
26186194
15489334
12477932
