26015544
25009296
24990759
24815864
24591762
24554551
24504414
24253444
23965741
23788039
23653219
23456319
23076115
22847733
22611028
22538805
22446946
21397407
21365650
21220197
21171078
21102418
20670140
19801981
18301055
11897834
10768863
1516477
23913553
23783250
22548442
22007675
20855213
18593560
18466071
8963900
25433496
24445144
23218904
21632880
21478681
18820665
8733136
21816365
17273972
12000749
22833560
22164283
20602751
22589738
14574404
12477932
