#topic doc name proportion ...
0 75 , 0.422287
0 60 , 0.387692
0 0 [ 0.078341
0 83 ] 0.049505
0 2 , 0.042373
0 3 , 0.041322
0 1 , 0.041322
0 8 , 0.038911
0 46 , 0.038462
0 34 , 0.038462
0 13 , 0.038314
0 5 , 0.038314
0 20 , 0.037736
0 31 , 0.037313
0 26 , 0.037037
0 38 , 0.036765
0 16 , 0.036630
0 21 , 0.036232
0 69 , 0.036101
0 37 , 0.036101
0 24 , 0.035971
0 44 , 0.035714
0 29 , 0.035714
0 17 , 0.035587
0 10 , 0.035587
0 66 , 0.035461
0 35 , 0.035336
0 12 , 0.035336
0 48 , 0.035211
0 18 , 0.035211
0 14 , 0.035211
0 39 , 0.035088
0 32 , 0.035088
0 25 , 0.035088
0 22 , 0.035088
0 47 , 0.034843
0 27 , 0.034843
0 23 , 0.034843
0 40 , 0.034602
0 19 , 0.034483
0 71 , 0.034364
0 57 , 0.034364
0 42 , 0.034364
0 11 , 0.033898
0 7 , 0.033898
0 36 , 0.033784
0 33 , 0.033784
0 4 , 0.033784
0 64 , 0.033670
0 49 , 0.033670
0 41 , 0.033445
0 9 , 0.033445
0 68 , 0.033333
0 56 , 0.033223
0 30 , 0.033223
0 28 , 0.033223
0 15 , 0.033223
0 67 , 0.033113
0 61 , 0.033113
0 45 , 0.033003
0 74 , 0.032895
0 6 , 0.032573
0 62 , 0.032468
0 54 , 0.032258
0 58 , 0.031847
0 52 , 0.031646
0 50 , 0.031646
0 70 , 0.031447
0 59 , 0.031447
0 43 , 0.031348
0 80 , 0.031153
0 63 , 0.030581
0 55 , 0.030211
0 82 , 0.030030
0 76 , 0.030030
0 72 , 0.030030
0 65 , 0.030030
0 77 , 0.029586
0 51 , 0.029240
0 73 , 0.028986
0 79 , 0.028902
0 53 , 0.028329
0 78 , 0.027548
0 81 , 0.025974
1 74 , 0.342105
1 55 , 0.311178
1 19 , 0.186207
1 83 ] 0.054455
1 0 [ 0.046083
1 2 , 0.042373
1 3 , 0.041322
1 1 , 0.041322
1 8 , 0.038911
1 46 , 0.038462
1 34 , 0.038462
1 13 , 0.038314
1 5 , 0.038314
1 20 , 0.037736
1 31 , 0.037313
1 26 , 0.037037
1 38 , 0.036765
1 16 , 0.036630
1 21 , 0.036232
1 69 , 0.036101
1 37 , 0.036101
1 24 , 0.035971
1 44 , 0.035714
1 29 , 0.035714
1 17 , 0.035587
1 10 , 0.035587
1 66 , 0.035461
1 35 , 0.035336
1 12 , 0.035336
1 48 , 0.035211
1 18 , 0.035211
1 14 , 0.035211
1 39 , 0.035088
1 32 , 0.035088
1 25 , 0.035088
1 22 , 0.035088
1 47 , 0.034843
1 27 , 0.034843
1 23 , 0.034843
1 40 , 0.034602
1 71 , 0.034364
1 57 , 0.034364
1 42 , 0.034364
1 11 , 0.033898
1 7 , 0.033898
1 36 , 0.033784
1 33 , 0.033784
1 4 , 0.033784
1 64 , 0.033670
1 49 , 0.033670
1 41 , 0.033445
1 9 , 0.033445
1 68 , 0.033333
1 56 , 0.033223
1 30 , 0.033223
1 28 , 0.033223
1 15 , 0.033223
1 67 , 0.033113
1 61 , 0.033113
1 45 , 0.033003
1 6 , 0.032573
1 62 , 0.032468
1 54 , 0.032258
1 58 , 0.031847
1 52 , 0.031646
1 50 , 0.031646
1 70 , 0.031447
1 59 , 0.031447
1 43 , 0.031348
1 80 , 0.031153
1 60 , 0.030769
1 63 , 0.030581
1 82 , 0.030030
1 76 , 0.030030
1 72 , 0.030030
1 65 , 0.030030
1 77 , 0.029586
1 75 , 0.029326
1 51 , 0.029240
1 73 , 0.028986
1 79 , 0.028902
1 53 , 0.028329
1 78 , 0.027548
1 81 , 0.025974
2 77 , 0.384615
2 68 , 0.346667
2 36 , 0.334459
2 57 , 0.326460
2 62 , 0.308442
2 61 , 0.284768
2 23 , 0.271777
2 38 , 0.268382
2 37 , 0.263538
2 26 , 0.255556
2 34 , 0.253846
2 27 , 0.250871
2 31 , 0.223881
2 67 , 0.221854
2 1 , 0.210744
2 51 , 0.198830
2 16 , 0.087912
2 15 , 0.083056
2 0 [ 0.059908
2 8 , 0.058366
2 83 ] 0.049505
2 71 , 0.044674
2 2 , 0.042373
2 3 , 0.041322
2 46 , 0.038462
2 13 , 0.038314
2 5 , 0.038314
2 20 , 0.037736
2 56 , 0.036545
2 21 , 0.036232
2 74 , 0.036184
2 69 , 0.036101
2 24 , 0.035971
2 6 , 0.035831
2 44 , 0.035714
2 29 , 0.035714
2 17 , 0.035587
2 10 , 0.035587
2 66 , 0.035461
2 35 , 0.035336
2 12 , 0.035336
2 48 , 0.035211
2 18 , 0.035211
2 14 , 0.035211
2 39 , 0.035088
2 32 , 0.035088
2 25 , 0.035088
2 22 , 0.035088
2 47 , 0.034843
2 40 , 0.034602
2 19 , 0.034483
2 42 , 0.034364
2 11 , 0.033898
2 7 , 0.033898
2 33 , 0.033784
2 4 , 0.033784
2 64 , 0.033670
2 49 , 0.033670
2 41 , 0.033445
2 9 , 0.033445
2 30 , 0.033223
2 28 , 0.033223
2 45 , 0.033003
2 54 , 0.032258
2 58 , 0.031847
2 79 , 0.031792
2 52 , 0.031646
2 50 , 0.031646
2 70 , 0.031447
2 59 , 0.031447
2 43 , 0.031348
2 80 , 0.031153
2 60 , 0.030769
2 63 , 0.030581
2 55 , 0.030211
2 82 , 0.030030
2 76 , 0.030030
2 72 , 0.030030
2 65 , 0.030030
2 75 , 0.029326
2 73 , 0.028986
2 53 , 0.028329
2 78 , 0.027548
2 81 , 0.025974
3 59 , 0.264151
3 48 , 0.183099
3 25 , 0.161404
3 29 , 0.139286
3 10 , 0.110320
3 2 , 0.084746
3 62 , 0.071429
3 61 , 0.069536
3 0 [ 0.050691
3 83 ] 0.049505
3 3 , 0.041322
3 1 , 0.041322
3 45 , 0.039604
3 8 , 0.038911
3 46 , 0.038462
3 34 , 0.038462
3 47 , 0.038328
3 13 , 0.038314
3 5 , 0.038314
3 20 , 0.037736
3 31 , 0.037313
3 7 , 0.037288
3 26 , 0.037037
3 38 , 0.036765
3 16 , 0.036630
3 21 , 0.036232
3 69 , 0.036101
3 37 , 0.036101
3 24 , 0.035971
3 44 , 0.035714
3 17 , 0.035587
3 66 , 0.035461
3 35 , 0.035336
3 12 , 0.035336
3 18 , 0.035211
3 14 , 0.035211
3 39 , 0.035088
3 32 , 0.035088
3 22 , 0.035088
3 27 , 0.034843
3 23 , 0.034843
3 40 , 0.034602
3 19 , 0.034483
3 71 , 0.034364
3 57 , 0.034364
3 42 , 0.034364
3 11 , 0.033898
3 36 , 0.033784
3 33 , 0.033784
3 4 , 0.033784
3 64 , 0.033670
3 49 , 0.033670
3 41 , 0.033445
3 9 , 0.033445
3 68 , 0.033333
3 56 , 0.033223
3 30 , 0.033223
3 28 , 0.033223
3 15 , 0.033223
3 67 , 0.033113
3 74 , 0.032895
3 6 , 0.032573
3 54 , 0.032258
3 58 , 0.031847
3 52 , 0.031646
3 50 , 0.031646
3 70 , 0.031447
3 43 , 0.031348
3 80 , 0.031153
3 60 , 0.030769
3 63 , 0.030581
3 55 , 0.030211
3 82 , 0.030030
3 76 , 0.030030
3 72 , 0.030030
3 65 , 0.030030
3 77 , 0.029586
3 75 , 0.029326
3 51 , 0.029240
3 73 , 0.028986
3 79 , 0.028902
3 53 , 0.028329
3 78 , 0.027548
3 81 , 0.025974
4 52 , 0.386076
4 44 , 0.317857
4 5 , 0.260536
4 3 , 0.070248
4 28 , 0.069767
4 83 ] 0.049505
4 0 [ 0.046083
4 35 , 0.045936
4 2 , 0.042373
4 46 , 0.042308
4 1 , 0.041322
4 31 , 0.041045
4 8 , 0.038911
4 34 , 0.038462
4 13 , 0.038314
4 20 , 0.037736
4 26 , 0.037037
4 38 , 0.036765
4 16 , 0.036630
4 30 , 0.036545
4 21 , 0.036232
4 69 , 0.036101
4 37 , 0.036101
4 24 , 0.035971
4 29 , 0.035714
4 17 , 0.035587
4 10 , 0.035587
4 66 , 0.035461
4 12 , 0.035336
4 48 , 0.035211
4 18 , 0.035211
4 14 , 0.035211
4 39 , 0.035088
4 32 , 0.035088
4 25 , 0.035088
4 22 , 0.035088
4 47 , 0.034843
4 27 , 0.034843
4 23 , 0.034843
4 40 , 0.034602
4 19 , 0.034483
4 71 , 0.034364
4 57 , 0.034364
4 42 , 0.034364
4 11 , 0.033898
4 7 , 0.033898
4 36 , 0.033784
4 33 , 0.033784
4 4 , 0.033784
4 64 , 0.033670
4 49 , 0.033670
4 41 , 0.033445
4 9 , 0.033445
4 68 , 0.033333
4 56 , 0.033223
4 15 , 0.033223
4 67 , 0.033113
4 61 , 0.033113
4 45 , 0.033003
4 74 , 0.032895
4 6 , 0.032573
4 62 , 0.032468
4 54 , 0.032258
4 58 , 0.031847
4 50 , 0.031646
4 70 , 0.031447
4 59 , 0.031447
4 43 , 0.031348
4 80 , 0.031153
4 60 , 0.030769
4 63 , 0.030581
4 55 , 0.030211
4 82 , 0.030030
4 76 , 0.030030
4 72 , 0.030030
4 65 , 0.030030
4 77 , 0.029586
4 75 , 0.029326
4 51 , 0.029240
4 73 , 0.028986
4 79 , 0.028902
4 53 , 0.028329
4 78 , 0.027548
4 81 , 0.025974
5 30 , 0.292359
5 53 , 0.280453
5 35 , 0.257951
5 78 , 0.234160
5 48 , 0.140845
5 6 , 0.130293
5 50 , 0.126582
5 10 , 0.120996
5 33 , 0.114865
5 55 , 0.099698
5 39 , 0.098246
5 72 , 0.096096
5 27 , 0.076655
5 46 , 0.073077
5 25 , 0.070175
5 83 ] 0.049505
5 34 , 0.046154
5 0 [ 0.046083
5 22 , 0.045614
5 82 , 0.045045
5 59 , 0.044025
5 8 , 0.042802
5 2 , 0.042373
5 3 , 0.041322
5 1 , 0.041322
5 11 , 0.040678
5 21 , 0.039855
5 62 , 0.038961
5 13 , 0.038314
5 5 , 0.038314
5 19 , 0.037931
5 20 , 0.037736
5 31 , 0.037313
5 26 , 0.037037
5 38 , 0.036765
5 16 , 0.036630
5 45 , 0.036304
5 69 , 0.036101
5 37 , 0.036101
5 24 , 0.035971
5 44 , 0.035714
5 29 , 0.035714
5 17 , 0.035587
5 66 , 0.035461
5 12 , 0.035336
5 18 , 0.035211
5 14 , 0.035211
5 32 , 0.035088
5 47 , 0.034843
5 23 , 0.034843
5 40 , 0.034602
5 43 , 0.034483
5 71 , 0.034364
5 57 , 0.034364
5 42 , 0.034364
5 7 , 0.033898
5 60 , 0.033846
5 36 , 0.033784
5 4 , 0.033784
5 64 , 0.033670
5 49 , 0.033670
5 41 , 0.033445
5 9 , 0.033445
5 68 , 0.033333
5 56 , 0.033223
5 28 , 0.033223
5 15 , 0.033223
5 67 , 0.033113
5 61 , 0.033113
5 76 , 0.033033
5 74 , 0.032895
5 54 , 0.032258
5 58 , 0.031847
5 52 , 0.031646
5 70 , 0.031447
5 80 , 0.031153
5 63 , 0.030581
5 65 , 0.030030
5 77 , 0.029586
5 75 , 0.029326
5 51 , 0.029240
5 73 , 0.028986
5 79 , 0.028902
5 81 , 0.025974
6 4 , 0.300676
6 49 , 0.276094
6 47 , 0.247387
6 46 , 0.176923
6 21 , 0.079710
6 45 , 0.069307
6 18 , 0.066901
6 83 ] 0.049505
6 0 [ 0.046083
6 2 , 0.042373
6 3 , 0.041322
6 1 , 0.041322
6 37 , 0.039711
6 8 , 0.038911
6 34 , 0.038462
6 13 , 0.038314
6 5 , 0.038314
6 20 , 0.037736
6 31 , 0.037313
6 26 , 0.037037
6 38 , 0.036765
6 16 , 0.036630
6 15 , 0.036545
6 69 , 0.036101
6 65 , 0.036036
6 24 , 0.035971
6 44 , 0.035714
6 29 , 0.035714
6 17 , 0.035587
6 10 , 0.035587
6 66 , 0.035461
6 35 , 0.035336
6 12 , 0.035336
6 48 , 0.035211
6 14 , 0.035211
6 39 , 0.035088
6 32 , 0.035088
6 25 , 0.035088
6 22 , 0.035088
6 27 , 0.034843
6 23 , 0.034843
6 52 , 0.034810
6 40 , 0.034602
6 19 , 0.034483
6 71 , 0.034364
6 57 , 0.034364
6 42 , 0.034364
6 11 , 0.033898
6 7 , 0.033898
6 36 , 0.033784
6 33 , 0.033784
6 64 , 0.033670
6 41 , 0.033445
6 9 , 0.033445
6 68 , 0.033333
6 56 , 0.033223
6 30 , 0.033223
6 28 , 0.033223
6 67 , 0.033113
6 61 , 0.033113
6 74 , 0.032895
6 6 , 0.032573
6 62 , 0.032468
6 54 , 0.032258
6 58 , 0.031847
6 50 , 0.031646
6 70 , 0.031447
6 59 , 0.031447
6 43 , 0.031348
6 80 , 0.031153
6 60 , 0.030769
6 63 , 0.030581
6 55 , 0.030211
6 82 , 0.030030
6 76 , 0.030030
6 72 , 0.030030
6 77 , 0.029586
6 75 , 0.029326
6 51 , 0.029240
6 73 , 0.028986
6 79 , 0.028902
6 53 , 0.028329
6 78 , 0.027548
6 81 , 0.025974
7 15 , 0.235880
7 33 , 0.212838
7 67 , 0.086093
7 65 , 0.066066
7 83 ] 0.049505
7 0 [ 0.046083
7 2 , 0.042373
7 3 , 0.041322
7 1 , 0.041322
7 52 , 0.041139
7 4 , 0.040541
7 8 , 0.038911
7 46 , 0.038462
7 34 , 0.038462
7 23 , 0.038328
7 13 , 0.038314
7 5 , 0.038314
7 20 , 0.037736
7 31 , 0.037313
7 26 , 0.037037
7 38 , 0.036765
7 16 , 0.036630
7 21 , 0.036232
7 69 , 0.036101
7 37 , 0.036101
7 24 , 0.035971
7 44 , 0.035714
7 29 , 0.035714
7 17 , 0.035587
7 10 , 0.035587
7 66 , 0.035461
7 35 , 0.035336
7 12 , 0.035336
7 48 , 0.035211
7 18 , 0.035211
7 14 , 0.035211
7 39 , 0.035088
7 32 , 0.035088
7 25 , 0.035088
7 22 , 0.035088
7 47 , 0.034843
7 27 , 0.034843
7 40 , 0.034602
7 19 , 0.034483
7 71 , 0.034364
7 57 , 0.034364
7 42 , 0.034364
7 11 , 0.033898
7 7 , 0.033898
7 36 , 0.033784
7 64 , 0.033670
7 49 , 0.033670
7 41 , 0.033445
7 9 , 0.033445
7 68 , 0.033333
7 56 , 0.033223
7 30 , 0.033223
7 28 , 0.033223
7 61 , 0.033113
7 45 , 0.033003
7 74 , 0.032895
7 6 , 0.032573
7 62 , 0.032468
7 54 , 0.032258
7 58 , 0.031847
7 50 , 0.031646
7 70 , 0.031447
7 59 , 0.031447
7 43 , 0.031348
7 80 , 0.031153
7 60 , 0.030769
7 63 , 0.030581
7 55 , 0.030211
7 82 , 0.030030
7 76 , 0.030030
7 72 , 0.030030
7 77 , 0.029586
7 75 , 0.029326
7 51 , 0.029240
7 73 , 0.028986
7 79 , 0.028902
7 53 , 0.028329
7 78 , 0.027548
7 81 , 0.025974
8 58 , 0.394904
8 82 , 0.288288
8 40 , 0.252595
8 54 , 0.225806
8 64 , 0.202020
8 56 , 0.152824
8 65 , 0.150150
8 41 , 0.143813
8 3 , 0.140496
8 8 , 0.116732
8 14 , 0.109155
8 66 , 0.095745
8 24 , 0.075540
8 21 , 0.054348
8 7 , 0.054237
8 80 , 0.052960
8 81 , 0.051948
8 83 ] 0.049505
8 0 [ 0.046083
8 2 , 0.042373
8 5 , 0.042146
8 19 , 0.041379
8 1 , 0.041322
8 42 , 0.041237
8 70 , 0.040881
8 32 , 0.038596
8 46 , 0.038462
8 34 , 0.038462
8 13 , 0.038314
8 20 , 0.037736
8 31 , 0.037313
8 26 , 0.037037
8 38 , 0.036765
8 16 , 0.036630
8 69 , 0.036101
8 37 , 0.036101
8 44 , 0.035714
8 29 , 0.035714
8 17 , 0.035587
8 10 , 0.035587
8 35 , 0.035336
8 12 , 0.035336
8 48 , 0.035211
8 18 , 0.035211
8 39 , 0.035088
8 25 , 0.035088
8 22 , 0.035088
8 47 , 0.034843
8 27 , 0.034843
8 23 , 0.034843
8 71 , 0.034364
8 57 , 0.034364
8 11 , 0.033898
8 36 , 0.033784
8 33 , 0.033784
8 4 , 0.033784
8 49 , 0.033670
8 9 , 0.033445
8 68 , 0.033333
8 30 , 0.033223
8 28 , 0.033223
8 15 , 0.033223
8 67 , 0.033113
8 61 , 0.033113
8 45 , 0.033003
8 74 , 0.032895
8 6 , 0.032573
8 62 , 0.032468
8 52 , 0.031646
8 50 , 0.031646
8 59 , 0.031447
8 43 , 0.031348
8 60 , 0.030769
8 63 , 0.030581
8 55 , 0.030211
8 76 , 0.030030
8 72 , 0.030030
8 77 , 0.029586
8 75 , 0.029326
8 51 , 0.029240
8 73 , 0.028986
8 79 , 0.028902
8 53 , 0.028329
8 78 , 0.027548
9 73 , 0.324638
9 7 , 0.223729
9 83 ] 0.049505
9 0 [ 0.046083
9 2 , 0.042373
9 3 , 0.041322
9 1 , 0.041322
9 8 , 0.038911
9 46 , 0.038462
9 34 , 0.038462
9 13 , 0.038314
9 5 , 0.038314
9 20 , 0.037736
9 31 , 0.037313
9 26 , 0.037037
9 38 , 0.036765
9 16 , 0.036630
9 21 , 0.036232
9 69 , 0.036101
9 37 , 0.036101
9 24 , 0.035971
9 44 , 0.035714
9 29 , 0.035714
9 17 , 0.035587
9 10 , 0.035587
9 66 , 0.035461
9 35 , 0.035336
9 12 , 0.035336
9 48 , 0.035211
9 18 , 0.035211
9 14 , 0.035211
9 39 , 0.035088
9 32 , 0.035088
9 25 , 0.035088
9 22 , 0.035088
9 47 , 0.034843
9 27 , 0.034843
9 23 , 0.034843
9 40 , 0.034602
9 19 , 0.034483
9 71 , 0.034364
9 57 , 0.034364
9 42 , 0.034364
9 11 , 0.033898
9 36 , 0.033784
9 33 , 0.033784
9 4 , 0.033784
9 64 , 0.033670
9 49 , 0.033670
9 41 , 0.033445
9 9 , 0.033445
9 68 , 0.033333
9 56 , 0.033223
9 30 , 0.033223
9 28 , 0.033223
9 15 , 0.033223
9 67 , 0.033113
9 61 , 0.033113
9 45 , 0.033003
9 74 , 0.032895
9 6 , 0.032573
9 62 , 0.032468
9 54 , 0.032258
9 58 , 0.031847
9 79 , 0.031792
9 52 , 0.031646
9 50 , 0.031646
9 70 , 0.031447
9 59 , 0.031447
9 43 , 0.031348
9 80 , 0.031153
9 60 , 0.030769
9 63 , 0.030581
9 55 , 0.030211
9 82 , 0.030030
9 76 , 0.030030
9 72 , 0.030030
9 65 , 0.030030
9 77 , 0.029586
9 75 , 0.029326
9 51 , 0.029240
9 53 , 0.028329
9 78 , 0.027548
9 81 , 0.025974
10 13 , 0.260536
10 39 , 0.210526
10 50 , 0.205696
10 72 , 0.168168
10 78 , 0.093664
10 41 , 0.083612
10 2 , 0.050847
10 83 ] 0.049505
10 0 [ 0.046083
10 27 , 0.045296
10 3 , 0.041322
10 1 , 0.041322
10 8 , 0.038911
10 77 , 0.038462
10 46 , 0.038462
10 34 , 0.038462
10 5 , 0.038314
10 20 , 0.037736
10 31 , 0.037313
10 26 , 0.037037
10 38 , 0.036765
10 16 , 0.036630
10 21 , 0.036232
10 69 , 0.036101
10 37 , 0.036101
10 24 , 0.035971
10 44 , 0.035714
10 29 , 0.035714
10 17 , 0.035587
10 10 , 0.035587
10 66 , 0.035461
10 35 , 0.035336
10 12 , 0.035336
10 48 , 0.035211
10 18 , 0.035211
10 14 , 0.035211
10 32 , 0.035088
10 25 , 0.035088
10 22 , 0.035088
10 47 , 0.034843
10 23 , 0.034843
10 40 , 0.034602
10 19 , 0.034483
10 71 , 0.034364
10 57 , 0.034364
10 42 , 0.034364
10 11 , 0.033898
10 7 , 0.033898
10 36 , 0.033784
10 33 , 0.033784
10 4 , 0.033784
10 64 , 0.033670
10 49 , 0.033670
10 9 , 0.033445
10 68 , 0.033333
10 56 , 0.033223
10 30 , 0.033223
10 28 , 0.033223
10 15 , 0.033223
10 67 , 0.033113
10 61 , 0.033113
10 45 , 0.033003
10 74 , 0.032895
10 6 , 0.032573
10 62 , 0.032468
10 54 , 0.032258
10 58 , 0.031847
10 52 , 0.031646
10 70 , 0.031447
10 59 , 0.031447
10 43 , 0.031348
10 80 , 0.031153
10 60 , 0.030769
10 63 , 0.030581
10 55 , 0.030211
10 82 , 0.030030
10 76 , 0.030030
10 65 , 0.030030
10 75 , 0.029326
10 51 , 0.029240
10 73 , 0.028986
10 79 , 0.028902
10 53 , 0.028329
10 81 , 0.025974
11 80 , 0.376947
11 16 , 0.234432
11 14 , 0.214789
11 21 , 0.188406
11 24 , 0.183453
11 8 , 0.124514
11 19 , 0.110345
11 29 , 0.107143
11 79 , 0.104046
11 41 , 0.103679
11 82 , 0.102102
11 67 , 0.086093
11 35 , 0.084806
11 32 , 0.084211
11 64 , 0.084175
11 70 , 0.081761
11 11 , 0.081356
11 54 , 0.080645
11 65 , 0.078078
11 66 , 0.074468
11 61 , 0.072848
11 56 , 0.069767
11 27 , 0.069686
11 62 , 0.058442
11 69 , 0.057762
11 36 , 0.057432
11 38 , 0.051471
11 17 , 0.049822
11 13 , 0.049808
11 83 ] 0.049505
11 23 , 0.048780
11 59 , 0.047170
11 34 , 0.046154
11 0 [ 0.046083
11 40 , 0.044983
11 57 , 0.044674
11 2 , 0.042373
11 3 , 0.041322
11 1 , 0.041322
11 51 , 0.040936
11 76 , 0.039039
11 48 , 0.038732
11 78 , 0.038567
11 46 , 0.038462
11 5 , 0.038314
11 20 , 0.037736
11 31 , 0.037313
11 26 , 0.037037
11 15 , 0.036545
11 37 , 0.036101
11 44 , 0.035714
11 10 , 0.035587
11 12 , 0.035336
11 18 , 0.035211
11 39 , 0.035088
11 25 , 0.035088
11 22 , 0.035088
11 47 , 0.034843
11 71 , 0.034364
11 42 , 0.034364
11 7 , 0.033898
11 33 , 0.033784
11 4 , 0.033784
11 49 , 0.033670
11 9 , 0.033445
11 68 , 0.033333
11 30 , 0.033223
11 28 , 0.033223
11 45 , 0.033003
11 74 , 0.032895
11 6 , 0.032573
11 58 , 0.031847
11 52 , 0.031646
11 50 , 0.031646
11 43 , 0.031348
11 60 , 0.030769
11 63 , 0.030581
11 55 , 0.030211
11 72 , 0.030030
11 77 , 0.029586
11 75 , 0.029326
11 73 , 0.028986
11 53 , 0.028329
11 81 , 0.025974
12 28 , 0.292359
12 9 , 0.204013
12 70 , 0.185535
12 18 , 0.147887
12 29 , 0.135714
12 40 , 0.114187
12 2 , 0.101695
12 59 , 0.059748
12 8 , 0.050584
12 83 ] 0.049505
12 54 , 0.048387
12 0 [ 0.046083
12 46 , 0.042308
12 3 , 0.041322
12 1 , 0.041322
12 69 , 0.039711
12 34 , 0.038462
12 13 , 0.038314
12 5 , 0.038314
12 20 , 0.037736
12 31 , 0.037313
12 26 , 0.037037
12 38 , 0.036765
12 16 , 0.036630
12 21 , 0.036232
12 37 , 0.036101
12 24 , 0.035971
12 44 , 0.035714
12 17 , 0.035587
12 10 , 0.035587
12 66 , 0.035461
12 35 , 0.035336
12 12 , 0.035336
12 48 , 0.035211
12 14 , 0.035211
12 39 , 0.035088
12 32 , 0.035088
12 25 , 0.035088
12 22 , 0.035088
12 47 , 0.034843
12 27 , 0.034843
12 23 , 0.034843
12 19 , 0.034483
12 71 , 0.034364
12 57 , 0.034364
12 42 , 0.034364
12 11 , 0.033898
12 7 , 0.033898
12 36 , 0.033784
12 33 , 0.033784
12 4 , 0.033784
12 64 , 0.033670
12 49 , 0.033670
12 41 , 0.033445
12 68 , 0.033333
12 56 , 0.033223
12 30 , 0.033223
12 15 , 0.033223
12 67 , 0.033113
12 61 , 0.033113
12 45 , 0.033003
12 74 , 0.032895
12 6 , 0.032573
12 62 , 0.032468
12 58 , 0.031847
12 52 , 0.031646
12 50 , 0.031646
12 43 , 0.031348
12 80 , 0.031153
12 60 , 0.030769
12 63 , 0.030581
12 55 , 0.030211
12 82 , 0.030030
12 76 , 0.030030
12 72 , 0.030030
12 65 , 0.030030
12 77 , 0.029586
12 75 , 0.029326
12 51 , 0.029240
12 73 , 0.028986
12 79 , 0.028902
12 53 , 0.028329
12 78 , 0.027548
12 81 , 0.025974
13 81 , 0.368831
13 43 , 0.335423
13 53 , 0.076487
13 83 ] 0.049505
13 0 [ 0.046083
13 1 , 0.045455
13 42 , 0.044674
13 2 , 0.042373
13 3 , 0.041322
13 45 , 0.039604
13 8 , 0.038911
13 46 , 0.038462
13 34 , 0.038462
13 13 , 0.038314
13 5 , 0.038314
13 20 , 0.037736
13 31 , 0.037313
13 26 , 0.037037
13 38 , 0.036765
13 16 , 0.036630
13 21 , 0.036232
13 69 , 0.036101
13 37 , 0.036101
13 24 , 0.035971
13 62 , 0.035714
13 44 , 0.035714
13 29 , 0.035714
13 17 , 0.035587
13 10 , 0.035587
13 66 , 0.035461
13 35 , 0.035336
13 12 , 0.035336
13 48 , 0.035211
13 18 , 0.035211
13 14 , 0.035211
13 39 , 0.035088
13 32 , 0.035088
13 25 , 0.035088
13 22 , 0.035088
13 47 , 0.034843
13 27 , 0.034843
13 23 , 0.034843
13 50 , 0.034810
13 40 , 0.034602
13 19 , 0.034483
13 71 , 0.034364
13 57 , 0.034364
13 11 , 0.033898
13 7 , 0.033898
13 36 , 0.033784
13 33 , 0.033784
13 4 , 0.033784
13 64 , 0.033670
13 49 , 0.033670
13 41 , 0.033445
13 9 , 0.033445
13 68 , 0.033333
13 56 , 0.033223
13 30 , 0.033223
13 28 , 0.033223
13 15 , 0.033223
13 67 , 0.033113
13 61 , 0.033113
13 74 , 0.032895
13 6 , 0.032573
13 54 , 0.032258
13 58 , 0.031847
13 52 , 0.031646
13 70 , 0.031447
13 59 , 0.031447
13 80 , 0.031153
13 60 , 0.030769
13 63 , 0.030581
13 78 , 0.030303
13 55 , 0.030211
13 82 , 0.030030
13 76 , 0.030030
13 72 , 0.030030
13 65 , 0.030030
13 77 , 0.029586
13 75 , 0.029326
13 51 , 0.029240
13 73 , 0.028986
13 79 , 0.028902
14 71 , 0.309278
14 76 , 0.303303
14 17 , 0.281139
14 69 , 0.274368
14 22 , 0.087719
14 24 , 0.064748
14 15 , 0.063123
14 83 ] 0.049505
14 26 , 0.048148
14 2 , 0.046610
14 0 [ 0.046083
14 3 , 0.041322
14 1 , 0.041322
14 30 , 0.039867
14 10 , 0.039146
14 8 , 0.038911
14 25 , 0.038596
14 46 , 0.038462
14 34 , 0.038462
14 23 , 0.038328
14 13 , 0.038314
14 5 , 0.038314
14 20 , 0.037736
14 31 , 0.037313
14 38 , 0.036765
14 63 , 0.036697
14 16 , 0.036630
14 21 , 0.036232
14 37 , 0.036101
14 44 , 0.035714
14 29 , 0.035714
14 66 , 0.035461
14 35 , 0.035336
14 12 , 0.035336
14 48 , 0.035211
14 18 , 0.035211
14 14 , 0.035211
14 39 , 0.035088
14 32 , 0.035088
14 47 , 0.034843
14 27 , 0.034843
14 40 , 0.034602
14 19 , 0.034483
14 57 , 0.034364
14 42 , 0.034364
14 11 , 0.033898
14 7 , 0.033898
14 36 , 0.033784
14 33 , 0.033784
14 4 , 0.033784
14 64 , 0.033670
14 49 , 0.033670
14 41 , 0.033445
14 9 , 0.033445
14 68 , 0.033333
14 56 , 0.033223
14 28 , 0.033223
14 67 , 0.033113
14 61 , 0.033113
14 45 , 0.033003
14 74 , 0.032895
14 6 , 0.032573
14 62 , 0.032468
14 54 , 0.032258
14 58 , 0.031847
14 52 , 0.031646
14 50 , 0.031646
14 70 , 0.031447
14 59 , 0.031447
14 43 , 0.031348
14 80 , 0.031153
14 60 , 0.030769
14 55 , 0.030211
14 82 , 0.030030
14 72 , 0.030030
14 65 , 0.030030
14 77 , 0.029586
14 75 , 0.029326
14 51 , 0.029240
14 73 , 0.028986
14 79 , 0.028902
14 53 , 0.028329
14 78 , 0.027548
14 81 , 0.025974
15 11 , 0.233898
15 66 , 0.216312
15 32 , 0.207018
15 56 , 0.192691
15 31 , 0.082090
15 83 ] 0.049505
15 0 [ 0.046083
15 2 , 0.042373
15 3 , 0.041322
15 1 , 0.041322
15 8 , 0.038911
15 46 , 0.038462
15 34 , 0.038462
15 13 , 0.038314
15 5 , 0.038314
15 20 , 0.037736
15 26 , 0.037037
15 38 , 0.036765
15 16 , 0.036630
15 21 , 0.036232
15 69 , 0.036101
15 37 , 0.036101
15 24 , 0.035971
15 44 , 0.035714
15 29 , 0.035714
15 17 , 0.035587
15 10 , 0.035587
15 35 , 0.035336
15 12 , 0.035336
15 48 , 0.035211
15 18 , 0.035211
15 14 , 0.035211
15 39 , 0.035088
15 25 , 0.035088
15 22 , 0.035088
15 47 , 0.034843
15 27 , 0.034843
15 23 , 0.034843
15 40 , 0.034602
15 19 , 0.034483
15 71 , 0.034364
15 57 , 0.034364
15 42 , 0.034364
15 7 , 0.033898
15 36 , 0.033784
15 33 , 0.033784
15 4 , 0.033784
15 64 , 0.033670
15 49 , 0.033670
15 41 , 0.033445
15 9 , 0.033445
15 68 , 0.033333
15 30 , 0.033223
15 28 , 0.033223
15 15 , 0.033223
15 67 , 0.033113
15 61 , 0.033113
15 45 , 0.033003
15 74 , 0.032895
15 6 , 0.032573
15 62 , 0.032468
15 54 , 0.032258
15 58 , 0.031847
15 52 , 0.031646
15 50 , 0.031646
15 70 , 0.031447
15 59 , 0.031447
15 43 , 0.031348
15 80 , 0.031153
15 60 , 0.030769
15 63 , 0.030581
15 55 , 0.030211
15 82 , 0.030030
15 76 , 0.030030
15 72 , 0.030030
15 65 , 0.030030
15 77 , 0.029586
15 75 , 0.029326
15 51 , 0.029240
15 73 , 0.028986
15 79 , 0.028902
15 53 , 0.028329
15 78 , 0.027548
15 81 , 0.025974
16 63 , 0.296636
16 6 , 0.280130
16 72 , 0.225225
16 65 , 0.219219
16 9 , 0.193980
16 12 , 0.190813
16 70 , 0.188679
16 18 , 0.186620
16 78 , 0.179063
16 25 , 0.168421
16 53 , 0.161473
16 10 , 0.160142
16 73 , 0.153623
16 76 , 0.144144
16 7 , 0.142373
16 64 , 0.141414
16 81 , 0.137662
16 41 , 0.133779
16 54 , 0.129032
16 50 , 0.126582
16 47 , 0.121951
16 49 , 0.117845
16 59 , 0.113208
16 32 , 0.108772
16 19 , 0.106897
16 42 , 0.103093
16 11 , 0.101695
16 24 , 0.100719
16 30 , 0.099668
16 33 , 0.097973
16 43 , 0.097179
16 39 , 0.094737
16 21 , 0.094203
16 46 , 0.088462
16 3 , 0.086777
16 4 , 0.084459
16 82 , 0.084084
16 37 , 0.083032
16 2 , 0.080508
16 23 , 0.080139
16 15 , 0.079734
16 14 , 0.077465
16 67 , 0.076159
16 55 , 0.075529
16 77 , 0.073964
16 48 , 0.073944
16 0 [ 0.073733
16 22 , 0.073684
16 51 , 0.073099
16 28 , 0.073090
16 45 , 0.072607
16 26 , 0.066667
16 17 , 0.064057
16 74 , 0.062500
16 8 , 0.062257
16 71 , 0.061856
16 31 , 0.055970
16 60 , 0.055385
16 38 , 0.055147
16 16 , 0.054945
16 68 , 0.053333
16 75 , 0.049853
16 56 , 0.049834
16 83 ] 0.049505
16 29 , 0.046429
16 66 , 0.046099
16 5 , 0.045977
16 35 , 0.045936
16 57 , 0.044674
16 61 , 0.043046
16 20 , 0.041509
16 1 , 0.041322
16 80 , 0.040498
16 79 , 0.040462
16 44 , 0.039286
16 34 , 0.038462
16 13 , 0.038314
16 69 , 0.036101
16 27 , 0.034843
16 40 , 0.034602
16 36 , 0.033784
16 62 , 0.032468
16 58 , 0.031847
16 52 , 0.031646
17 45 , 0.280528
17 42 , 0.261168
17 51 , 0.219298
17 69 , 0.050542
17 83 ] 0.049505
17 0 [ 0.046083
17 2 , 0.042373
17 3 , 0.041322
17 1 , 0.041322
17 8 , 0.038911
17 46 , 0.038462
17 34 , 0.038462
17 13 , 0.038314
17 5 , 0.038314
17 20 , 0.037736
17 31 , 0.037313
17 26 , 0.037037
17 38 , 0.036765
17 16 , 0.036630
17 21 , 0.036232
17 37 , 0.036101
17 24 , 0.035971
17 44 , 0.035714
17 29 , 0.035714
17 17 , 0.035587
17 10 , 0.035587
17 66 , 0.035461
17 35 , 0.035336
17 12 , 0.035336
17 48 , 0.035211
17 18 , 0.035211
17 14 , 0.035211
17 39 , 0.035088
17 32 , 0.035088
17 25 , 0.035088
17 22 , 0.035088
17 47 , 0.034843
17 27 , 0.034843
17 23 , 0.034843
17 40 , 0.034602
17 19 , 0.034483
17 71 , 0.034364
17 57 , 0.034364
17 11 , 0.033898
17 7 , 0.033898
17 36 , 0.033784
17 33 , 0.033784
17 4 , 0.033784
17 64 , 0.033670
17 49 , 0.033670
17 63 , 0.033639
17 41 , 0.033445
17 9 , 0.033445
17 68 , 0.033333
17 56 , 0.033223
17 30 , 0.033223
17 28 , 0.033223
17 15 , 0.033223
17 67 , 0.033113
17 61 , 0.033113
17 74 , 0.032895
17 6 , 0.032573
17 62 , 0.032468
17 54 , 0.032258
17 58 , 0.031847
17 52 , 0.031646
17 50 , 0.031646
17 70 , 0.031447
17 59 , 0.031447
17 43 , 0.031348
17 80 , 0.031153
17 60 , 0.030769
17 55 , 0.030211
17 82 , 0.030030
17 76 , 0.030030
17 72 , 0.030030
17 65 , 0.030030
17 77 , 0.029586
17 75 , 0.029326
17 73 , 0.028986
17 79 , 0.028902
17 53 , 0.028329
17 78 , 0.027548
17 81 , 0.025974
18 79 , 0.358382
18 22 , 0.231579
18 83 ] 0.049505
18 0 [ 0.046083
18 2 , 0.042373
18 3 , 0.041322
18 1 , 0.041322
18 8 , 0.038911
18 46 , 0.038462
18 34 , 0.038462
18 13 , 0.038314
18 5 , 0.038314
18 20 , 0.037736
18 31 , 0.037313
18 26 , 0.037037
18 38 , 0.036765
18 16 , 0.036630
18 21 , 0.036232
18 69 , 0.036101
18 37 , 0.036101
18 24 , 0.035971
18 44 , 0.035714
18 29 , 0.035714
18 17 , 0.035587
18 10 , 0.035587
18 66 , 0.035461
18 35 , 0.035336
18 12 , 0.035336
18 48 , 0.035211
18 18 , 0.035211
18 14 , 0.035211
18 39 , 0.035088
18 32 , 0.035088
18 25 , 0.035088
18 47 , 0.034843
18 27 , 0.034843
18 23 , 0.034843
18 40 , 0.034602
18 19 , 0.034483
18 71 , 0.034364
18 57 , 0.034364
18 42 , 0.034364
18 11 , 0.033898
18 7 , 0.033898
18 36 , 0.033784
18 33 , 0.033784
18 4 , 0.033784
18 64 , 0.033670
18 49 , 0.033670
18 41 , 0.033445
18 9 , 0.033445
18 68 , 0.033333
18 56 , 0.033223
18 30 , 0.033223
18 28 , 0.033223
18 15 , 0.033223
18 67 , 0.033113
18 61 , 0.033113
18 45 , 0.033003
18 74 , 0.032895
18 6 , 0.032573
18 62 , 0.032468
18 54 , 0.032258
18 58 , 0.031847
18 52 , 0.031646
18 50 , 0.031646
18 70 , 0.031447
18 59 , 0.031447
18 43 , 0.031348
18 80 , 0.031153
18 60 , 0.030769
18 63 , 0.030581
18 55 , 0.030211
18 82 , 0.030030
18 76 , 0.030030
18 72 , 0.030030
18 65 , 0.030030
18 77 , 0.029586
18 75 , 0.029326
18 51 , 0.029240
18 73 , 0.028986
18 53 , 0.028329
18 78 , 0.027548
18 81 , 0.025974
19 20 , 0.279245
19 12 , 0.173145
19 63 , 0.143731
19 83 ] 0.054455
19 0 [ 0.046083
19 2 , 0.042373
19 3 , 0.041322
19 1 , 0.041322
19 8 , 0.038911
19 78 , 0.038567
19 46 , 0.038462
19 34 , 0.038462
19 13 , 0.038314
19 5 , 0.038314
19 31 , 0.037313
19 26 , 0.037037
19 38 , 0.036765
19 16 , 0.036630
19 21 , 0.036232
19 69 , 0.036101
19 37 , 0.036101
19 24 , 0.035971
19 44 , 0.035714
19 29 , 0.035714
19 17 , 0.035587
19 10 , 0.035587
19 66 , 0.035461
19 35 , 0.035336
19 48 , 0.035211
19 18 , 0.035211
19 14 , 0.035211
19 39 , 0.035088
19 32 , 0.035088
19 25 , 0.035088
19 22 , 0.035088
19 47 , 0.034843
19 27 , 0.034843
19 23 , 0.034843
19 40 , 0.034602
19 19 , 0.034483
19 71 , 0.034364
19 57 , 0.034364
19 42 , 0.034364
19 11 , 0.033898
19 7 , 0.033898
19 36 , 0.033784
19 33 , 0.033784
19 4 , 0.033784
19 64 , 0.033670
19 49 , 0.033670
19 41 , 0.033445
19 9 , 0.033445
19 68 , 0.033333
19 56 , 0.033223
19 30 , 0.033223
19 28 , 0.033223
19 15 , 0.033223
19 67 , 0.033113
19 61 , 0.033113
19 45 , 0.033003
19 74 , 0.032895
19 6 , 0.032573
19 62 , 0.032468
19 54 , 0.032258
19 58 , 0.031847
19 52 , 0.031646
19 50 , 0.031646
19 70 , 0.031447
19 59 , 0.031447
19 43 , 0.031348
19 80 , 0.031153
19 60 , 0.030769
19 55 , 0.030211
19 82 , 0.030030
19 76 , 0.030030
19 72 , 0.030030
19 65 , 0.030030
19 77 , 0.029586
19 75 , 0.029326
19 51 , 0.029240
19 73 , 0.028986
19 79 , 0.028902
19 53 , 0.028329
19 81 , 0.025974
